2.8290748596191406
1.7898082733154297
1.0008811950683594
1.0409355163574219
1.3439655303955078
0.38313865661621094
2.482891082763672
1.1250972747802734
1.2249946594238281
0.16307830810546875
0.9441375732421875
1.7957687377929688
1.0991096496582031
0.45990943908691406
6.0882568359375
0.1289844512939453
0.6771087646484375
0.6060600280761719
0.4069805145263672
0.1430511474609375
0.7491111755371094
1.2402534484863281
2.161264419555664
2.851247787475586
0.33593177795410156
2.2051334381103516
0.2560615539550781
1.3880729675292969
0.5030632019042969
0.32520294189453125
0.19407272338867188
1.2428760528564453
0.5021095275878906
5.391120910644531
2.101898193359375
1.4100074768066406
1.8968582153320312
0.7259845733642578
0.5309581756591797
7.060050964355469
7.217884063720703
1.8079280853271484
1.2788772583007812
1.3072490692138672
0.3650188446044922
2.7618408203125
0.29015541076660156
2.3381710052490234
1.4698505401611328
0.7660388946533203
0.5891323089599609
0.6296634674072266
1.5587806701660156
1.024007797241211
1.8901824951171875
2.9718875885009766
0.308990478515625
3.7240982055664062
0.9701251983642578
0.8540153503417969
0.4017353057861328
0.4050731658935547
0.4382133483886719
1.373291015625
1.4128684997558594
2.300262451171875
1.383066177368164
0.5478858947753906
6.943225860595703
0.3561973571777344
2.2017955780029297
0.4761219024658203
4.701375961303711
0.6809234619140625
6.5460205078125
0.19621849060058594
1.2040138244628906
1.2319087982177734
0.9908676147460938
1.6450881958007812
1.6210079193115234
0.37026405334472656
2.992868423461914
0.6709098815917969
0.4210472106933594
0.9438991546630859
0.7958412170410156
0.4100799560546875
2.5491714477539062
1.5370845794677734
1.7931461334228516
1.5919208526611328
0.1220703125
0.6892681121826172
0.11801719665527344
0.7481575012207031
0.3409385681152344
0.8487701416015625
1.1661052703857422
4.548788070678711
1.6391277313232422
5.48100471496582
0.35119056701660156
2.878904342651367
0.5009174346923828
4.621267318725586
3.23486328125
0.8614063262939453
0.7457733154296875
0.3910064697265625
2.878904342651367
1.3740062713623047
1.8379688262939453
0.1800060272216797
1.4650821685791016
0.4558563232421875
1.644134521484375
1.7180442810058594
1.56402587890625
2.293109893798828
2.042055130004883
1.741170883178711
1.1568069458007812
0.4680156707763672
0.7500648498535156
0.5347728729248047
1.9369125366210938
1.6248226165771484
2.0651817321777344
2.783060073852539
1.3229846954345703
0.8618831634521484
0.27680397033691406
1.5959739685058594
0.4019737243652344
2.925872802734375
0.3991127014160156
2.7468204498291016
0.3399848937988281
0.5686283111572266
0.48089027404785156
0.3006458282470703
2.1927356719970703
1.066446304321289
0.5738735198974609
2.2258758544921875
0.13208389282226562
0.8039474487304688
0.3724098205566406
3.2520294189453125
1.5320777893066406
1.4100074768066406
1.558065414428711
1.2459754943847656
0.1442432403564453
0.7526874542236328
0.9677410125732422
0.9140968322753906
2.371072769165039
1.7168521881103516
1.806020736694336
1.2850761413574219
1.2831687927246094
3.341197967529297
2.525806427001953
0.4038810729980469
2.441883087158203
1.02996826171875
1.2660026550292969
0.10085105895996094
0.6210803985595703
0.125885009765625
1.516103744506836
0.2002716064453125
1.4748573303222656
0.4107952117919922
2.7709007263183594
0.2617835998535156
0.4229545593261719
4.403114318847656
2.1500587463378906
1.3842582702636719
0.3027915954589844
0.25010108947753906
2.1576881408691406
1.3921260833740234
1.165151596069336
1.2311935424804688
0.9379386901855469
0.15163421630859375
0.9436607360839844
1.97601318359375
2.1932125091552734
3.534078598022461
2.008199691772461
1.5559196472167969
0.2529621124267578
1.6140937805175781
0.18978118896484375
1.0061264038085938
0.5121231079101562
7.853984832763672
0.4482269287109375
2.601146697998047
3.0078887939453125
1.9087791442871094
1.4851093292236328
1.4300346374511719
0.2911090850830078
0.9610652923583984
0.7758140563964844
0.5371570587158203
0.392913818359375
6.918191909790039
0.37097930908203125
1.901865005493164
0.8819103240966797
0.7450580596923828
0.5776882171630859
0.5769729614257812
0.36907196044921875
1.8649101257324219
0.1690387725830078
0.9319782257080078
0.4830360412597656
2.849102020263672
1.6529560089111328
1.466989517211914
0.2598762512207031
1.3020038604736328
0.7977485656738281
6.65283203125
1.6319751739501953
1.1548995971679688
0.32711029052734375
1.873016357421875
2.596139907836914
0.16880035400390625
0.9679794311523438
0.41103363037109375
0.3199577331542969
0.4818439483642578
0.1709461212158203
0.9138584136962891
0.1621246337890625
0.9520053863525391
0.7538795471191406
0.7963180541992188
0.7340908050537109
0.6783008575439453
0.3287792205810547
0.3788471221923828
1.821756362915039
0.33974647521972656
1.3048648834228516
0.22912025451660156
0.9946823120117188
0.15401840209960938
1.0159015655517578
0.49185752868652344
1.669168472290039
1.3179779052734375
0.2677440643310547
1.4872550964355469
0.27489662170410156
1.2810230255126953
0.7970333099365234
0.6947517395019531
0.7729530334472656
0.6098747253417969
0.09822845458984375
0.5750656127929688
0.6680488586425781
0.4642009735107422
0.5199909210205078
0.3287792205810547
0.5278587341308594
1.8410682678222656
1.8908977508544922
1.5261173248291016
0.39696693420410156
0.3108978271484375
3.2491683959960938
2.1181106567382812
3.482818603515625
1.7781257629394531
0.9260177612304688
0.7810592651367188
0.5869865417480469
0.17976760864257812
0.9322166442871094
0.3750324249267578
2.7718544006347656
0.3998279571533203
3.5648345947265625
0.8127689361572266
0.8299350738525391
1.538991928100586
1.5909671783447266
1.2409687042236328
1.0440349578857422
0.2391338348388672
0.8089542388916016
0.5910396575927734
0.6251335144042969
7.240056991577148
1.0750293731689453
1.7218589782714844
0.4520416259765625
3.7300586700439453
1.3260841369628906
1.194000244140625
0.4520416259765625
0.45680999755859375
0.4189014434814453
0.3287792205810547
0.1590251922607422
1.0008811950683594
2.780914306640625
1.9199848175048828
1.2981891632080078
0.8060932159423828
0.2460479736328125
1.1739730834960938
0.6561279296875
0.4730224609375
0.11324882507324219
0.6718635559082031
0.8780956268310547
0.7300376892089844
0.4677772521972656
3.7097930908203125
0.35881996154785156
2.408266067504883
1.2729167938232422
1.6460418701171875
0.09679794311523438
0.6120204925537109
0.2448558807373047
0.78582763671875
0.5619525909423828
0.9160041809082031
0.9579658508300781
0.4849433898925781
5.391836166381836
0.19407272338867188
0.9069442749023438
0.7228851318359375
0.5357265472412109
1.7778873443603516
1.9557476043701172
4.369974136352539
1.8961429595947266
0.4773139953613281
3.4029483795166016
1.6357898712158203
3.9849281311035156
0.8311271667480469
0.7088184356689453
0.6501674652099609
0.48995018005371094
2.6509761810302734
1.825094223022461
5.532264709472656
1.8410682678222656
4.416942596435547
1.1780261993408203
4.824161529541016
4.915952682495117
0.4229545593261719
1.2700557708740234
0.2570152282714844
1.291036605834961
1.7898082733154297
1.4772415161132812
1.3201236724853516
1.0540485382080078
3.0510425567626953
0.29277801513671875
0.20194053649902344
1.1510848999023438
3.3791065216064453
3.5948753356933594
0.30493736267089844
0.888824462890625
0.7879734039306641
0.47278404235839844
0.35881996154785156
0.7660388946533203
0.698089599609375
0.9331703186035156
3.335237503051758
0.4029273986816406
2.791881561279297
0.9410381317138672
0.7920265197753906
0.4818439483642578
0.37980079650878906
0.15687942504882812
0.6837844848632812
0.4658699035644531
0.33593177795410156
0.3037452697753906
1.4770030975341797
1.844167709350586
1.4920234680175781
0.7851123809814453
0.6930828094482422
3.9038658142089844
2.872943878173828
0.34928321838378906
0.4150867462158203
0.6642341613769531
0.5910396575927734
0.9379386901855469
1.3501644134521484
0.23794174194335938
1.318216323852539
0.518798828125
0.33402442932128906
0.80108642578125
0.6136894226074219
0.6017684936523438
3.4220218658447266
2.9268264770507812
3.6678314208984375
1.7421245574951172
1.6481876373291016
0.3418922424316406
0.24700164794921875
1.1420249938964844
0.3750324249267578
2.878904342651367
0.972747802734375
0.5161762237548828
1.947164535522461
2.4671554565429688
3.5839080810546875
5.327701568603516
0.5049705505371094
4.455804824829102
0.37097930908203125
1.9907951354980469
3.161907196044922
1.7330646514892578
1.7879009246826172
0.2949237823486328
1.275777816772461
0.5269050598144531
0.5156993865966797
0.5640983581542969
0.5362033843994141
2.4271011352539062
2.113819122314453
0.4658699035644531
0.3559589385986328
0.7269382476806641
0.7271766662597656
0.5681514739990234
0.6701946258544922
0.5118846893310547
2.516031265258789
2.064943313598633
0.8711814880371094
0.7379055023193359
3.1728744506835938
1.9540786743164062
1.252889633178711
1.4891624450683594
1.8470287322998047
3.966093063354492
1.7390251159667969
0.4482269287109375
2.698183059692383
3.239154815673828
0.42700767517089844
2.6400089263916016
0.9920597076416016
0.7300376892089844
1.0089874267578125
1.0707378387451172
0.5979537963867188
0.6268024444580078
0.8099079132080078
7.005929946899414
0.5559921264648438
3.055095672607422
6.65593147277832
2.2940635681152344
0.5879402160644531
0.1380443572998047
0.8471012115478516
1.1959075927734375
1.4240741729736328
0.25200843811035156
1.2760162353515625
1.6241073608398438
1.1687278747558594
1.708984375
2.099752426147461
1.3108253479003906
0.5419254302978516
3.21197509765625
1.7979145050048828
3.400087356567383
0.3829002380371094
3.0629634857177734
0.34308433532714844
2.223968505859375
1.6467571258544922
2.315998077392578
0.7281303405761719
0.659942626953125
0.48995018005371094
0.47016143798828125
3.1740665435791016
1.722097396850586
0.34308433532714844
3.7870407104492188
0.20503997802734375
1.1839866638183594
0.3132820129394531
1.6851425170898438
0.1590251922607422
1.007080078125
0.5218982696533203
3.464937210083008
1.0638236999511719
0.8382797241210938
1.6412734985351562
1.0387897491455078
0.2391338348388672
1.1768341064453125
0.6029605865478516
0.44798851013183594
3.3888816833496094
2.4721622467041016
2.1262168884277344
8.796930313110352
0.30422210693359375
2.0618438720703125
0.3299713134765625
3.0579566955566406
1.1856555938720703
3.9339065551757812
1.89208984375
2.145051956176758
1.0890960693359375
1.5819072723388672
0.7922649383544922
4.585981369018555
0.4239082336425781
2.824068069458008
1.7180442810058594
2.9630661010742188
0.6091594696044922
0.2391338348388672
1.4240741729736328
0.4611015319824219
3.22723388671875
2.7360916137695312
2.2149085998535156
1.3480186462402344
0.43320655822753906
0.3871917724609375
2.755880355834961
0.4532337188720703
0.3807544708251953
3.3028125762939453
2.0208358764648438
4.89497184753418
2.0651817321777344
0.41604042053222656
2.7189254760742188
0.4611015319824219
3.8309097290039062
1.6918182373046875
2.447843551635742
0.4858970642089844
3.0579566955566406
0.23698806762695312
1.3818740844726562
0.11396408081054688
0.6499290466308594
1.010894775390625
1.6169548034667969
1.3430118560791016
1.065969467163086
0.5021095275878906
5.203008651733398
1.2922286987304688
1.4650821685791016
0.2770423889160156
0.1361370086669922
0.9450912475585938
2.4611949920654297
1.6751289367675781
0.34880638122558594
2.535104751586914
1.8508434295654297
1.4688968658447266
2.485036849975586
1.6930103302001953
3.020048141479492
2.009153366088867
0.7722377777099609
0.6031990051269531
1.4388561248779297
1.1298656463623047
0.9789466857910156
1.5227794647216797
1.0709762573242188
1.5327930450439453
0.3578662872314453
0.32830238342285156
2.6209354400634766
1.6858577728271484
1.6620159149169922
2.8319358825683594
1.33514404296875
2.374887466430664
2.1393299102783203
2.1622180938720703
1.8429756164550781
1.947164535522461
1.3718605041503906
0.2911090850830078
0.4208087921142578
0.31113624572753906
3.4208297729492188
1.470804214477539
1.7271041870117188
1.9011497497558594
1.3060569763183594
1.4050006866455078
1.310110092163086
0.2560615539550781
0.6248950958251953
1.2359619140625
1.2319087982177734
0.23603439331054688
1.6050338745117188
0.1289844512939453
0.74005126953125
1.4541149139404297
0.3230571746826172
1.4371871948242188
1.959085464477539
1.5001296997070312
0.5609989166259766
0.6680488586425781
0.5590915679931641
1.4209747314453125
0.5741119384765625
1.5370845794677734
0.35190582275390625
2.4421215057373047
1.1937618255615234
1.3720989227294922
0.3299713134765625
1.1737346649169922
0.5917549133300781
0.25582313537597656
1.8558502197265625
0.6682872772216797
0.25916099548339844
2.1619796752929688
0.3647804260253906
1.7788410186767578
1.5401840209960938
0.5550384521484375
0.6918907165527344
0.4570484161376953
1.5251636505126953
0.27680397033691406
2.2962093353271484
1.2481212615966797
1.5292167663574219
2.2971630096435547
1.0166168212890625
1.9850730895996094
1.5251636505126953
0.14781951904296875
1.024007797241211
0.2849102020263672
2.034902572631836
0.9012222290039062
1.277923583984375
1.4081001281738281
0.5950927734375
0.3299713134765625
1.9450187683105469
2.3632049560546875
0.8230209350585938
0.6880760192871094
0.2372264862060547
0.9891986846923828
0.6682872772216797
1.4181137084960938
0.1728534698486328
2.1963119506835938
1.4638900756835938
1.3301372528076172
1.6021728515625
0.7202625274658203
1.7087459564208984
1.2688636779785156
0.23293495178222656
0.9131431579589844
0.6730556488037109
0.5440711975097656
0.4100799560546875
0.6561279296875
4.505157470703125
0.35691261291503906
2.638101577758789
1.0018348693847656
2.0318031311035156
0.9031295776367188
2.505064010620117
1.0797977447509766
0.2789497375488281
1.4977455139160156
0.36787986755371094
2.8710365295410156
0.5371570587158203
0.23508071899414062
1.1191368103027344
0.9591579437255859
1.3120174407958984
1.2590885162353516
0.28014183044433594
2.023935317993164
1.1250972747802734
0.6818771362304688
0.4298686981201172
0.8530616760253906
0.698089599609375
1.0061264038085938
0.8959770202636719
0.8292198181152344
1.2629032135009766
1.1248588562011719
0.8389949798583984
0.7047653198242188
1.0631084442138672
1.363992691040039
0.4489421844482422
0.2841949462890625
0.4100799560546875
3.7240982055664062
9.035110473632812
1.255035400390625
1.0721683502197266
0.28014183044433594
1.2388229370117188
1.2011528015136719
1.3387203216552734
0.2999305725097656
0.2810955047607422
1.1229515075683594
1.7921924591064453
1.3039112091064453
1.7201900482177734
1.0120868682861328
0.23031234741210938
1.3761520385742188
1.5490055084228516
1.5869140625
0.5869865417480469
0.5240440368652344
0.5538463592529297
1.0111331939697266
0.9338855743408203
0.9782314300537109
1.1219978332519531
1.5399456024169922
1.3370513916015625
0.9181499481201172
0.7097721099853516
0.5400180816650391
1.560211181640625
1.123666763305664
0.7510185241699219
0.7789134979248047
0.3337860107421875
2.031087875366211
2.025127410888672
1.3890266418457031
1.226663589477539
2.975940704345703
1.127004623413086
0.4019737243652344
0.3180503845214844
1.1739730834960938
1.6520023345947266
1.33514404296875
2.0148754119873047
1.0831356048583984
1.8413066864013672
1.4820098876953125
0.21195411682128906
1.8277168273925781
0.3540515899658203
1.5501976013183594
1.7240047454833984
0.3402233123779297
0.4558563232421875
0.3566741943359375
2.3589134216308594
1.0139942169189453
1.6498565673828125
0.8537769317626953
2.009868621826172
1.0881423950195312
0.3619194030761719
2.017974853515625
1.2879371643066406
1.628875732421875
0.2949237823486328
1.9040107727050781
0.5960464477539062
0.26607513427734375
1.7251968383789062
1.3141632080078125
0.8370876312255859
1.2111663818359375
2.3860931396484375
1.2369155883789062
0.24390220642089844
0.5350112915039062
1.0471343994140625
0.6890296936035156
0.5280971527099609
1.302957534790039
1.6751289367675781
1.2018680572509766
3.038167953491211
0.9131431579589844
2.1772384643554688
0.8599758148193359
0.514984130859375
0.6101131439208984
0.47898292541503906
4.004240036010742
1.9991397857666016
5.157709121704102
1.5139579772949219
1.2331008911132812
0.39505958557128906
1.4357566833496094
2.5870800018310547
0.25391578674316406
2.042055130004883
0.4601478576660156
0.4031658172607422
4.003047943115234
0.42438507080078125
5.507707595825195
10.094881057739258
2.658843994140625
1.538991928100586
4.223108291625977
1.5327930450439453
1.1420249938964844
0.47588348388671875
2.7959346771240234
6.783962249755859
2.1677017211914062
2.0041465759277344
1.1577606201171875
0.5099773406982422
0.5071163177490234
3.748178482055664
2.335071563720703
2.3469924926757812
2.276182174682617
0.4363059997558594
3.439188003540039
0.44083595275878906
6.250858306884766
1.5041828155517578
2.4728775024414062
4.868268966674805
2.3221969604492188
3.050088882446289
0.3190040588378906
0.21505355834960938
0.5049705505371094
2.496957778930664
1.9521713256835938
0.9160041809082031
1.3592243194580078
1.756906509399414
3.5359859466552734
2.9397010803222656
0.5466938018798828
4.178047180175781
1.5130043029785156
1.3117790222167969
3.1468868255615234
2.318143844604492
0.3132820129394531
0.6101131439208984
0.4951953887939453
5.774974822998047
1.2750625610351562
0.3662109375
3.0362606048583984
1.416921615600586
2.763986587524414
0.6318092346191406
0.6380081176757812
0.2911090850830078
0.41103363037109375
0.9987354278564453
0.4169940948486328
0.5278587341308594
0.41794776916503906
0.3619194030761719
0.4239082336425781
0.10991096496582031
0.6771087646484375
1.0287761688232422
0.8342266082763672
1.2810230255126953
0.27179718017578125
0.7371902465820312
2.4449825286865234
0.4220008850097656
2.1209716796875
1.8270015716552734
1.5969276428222656
0.7998943328857422
2.3751258850097656
0.7359981536865234
0.8480548858642578
0.26798248291015625
2.540111541748047
0.38623809814453125
0.3039836883544922
0.4837512969970703
1.3020038604736328
0.6921291351318359
0.31685829162597656
0.7381439208984375
1.8172264099121094
2.117156982421875
1.627206802368164
1.6751289367675781
0.2307891845703125
1.374959945678711
0.6730556488037109
0.5502700805664062
0.3771781921386719
0.3020763397216797
2.953052520751953
1.7158985137939453
1.4040470123291016
1.0898113250732422
9.048938751220703
3.782033920288086
0.4868507385253906
0.31113624572753906
4.952192306518555
4.136323928833008
2.5582313537597656
6.025075912475586
3.1168460845947266
0.4260540008544922
7.842063903808594
0.7307529449462891
0.5960464477539062
0.30112266540527344
1.7969608306884766
0.38909912109375
3.314971923828125
10.519027709960938
0.331878662109375
2.332925796508789
3.535032272338867
2.9821395874023438
1.8329620361328125
6.5631866455078125
0.2307891845703125
1.8148422241210938
1.9068717956542969
2.080678939819336
0.2751350402832031
0.2942085266113281
3.014087677001953
0.6721019744873047
1.3360977172851562
2.321958541870117
4.23884391784668
1.0533332824707031
0.6091594696044922
0.4138946533203125
4.024028778076172
0.32520294189453125
2.624988555908203
0.16999244689941406
1.1761188507080078
0.5772113800048828
0.5009174346923828
0.6809234619140625
0.6299018859863281
1.3849735260009766
2.0978450775146484
1.1363029479980469
2.538919448852539
2.6781558990478516
2.4077892303466797
2.3369789123535156
2.092123031616211
0.6012916564941406
0.30493736267089844
2.701997756958008
0.5261898040771484
0.7281303405761719
0.6060600280761719
1.1239051818847656
0.29587745666503906
0.7140636444091797
2.3059844970703125
2.6178359985351562
0.6561279296875
0.3249645233154297
0.21409988403320312
1.5759468078613281
1.5299320220947266
0.3018379211425781
0.7269382476806641
1.3630390167236328
3.0143260955810547
1.6071796417236328
0.579833984375
0.3571510314941406
0.6949901580810547
0.30493736267089844
2.7060508728027344
2.501964569091797
0.30303001403808594
0.6558895111083984
0.5788803100585938
0.5009174346923828
1.9161701202392578
0.7491111755371094
0.7350444793701172
0.4131793975830078
0.5860328674316406
0.30994415283203125
0.6458759307861328
0.3249645233154297
0.8592605590820312
0.41103363037109375
3.226041793823242
0.45990943908691406
0.3268718719482422
0.370025634765625
1.1827945709228516
0.6310939788818359
0.3230571746826172
0.2219676971435547
0.40912628173828125
0.6160736083984375
0.43201446533203125
3.747224807739258
2.368927001953125
0.2639293670654297
0.3018379211425781
1.603841781616211
2.718210220336914
0.6558895111083984
0.3330707550048828
0.2930164337158203
0.7350444793701172
0.5228519439697266
1.2180805206298828
0.4680156707763672
0.35691261291503906
1.2509822845458984
2.7358531951904297
0.8561611175537109
1.461029052734375
1.8401145935058594
0.8487701416015625
0.7429122924804688
0.30732154846191406
0.14901161193847656
0.9500980377197266
1.2199878692626953
0.39315223693847656
3.9148330688476562
1.3692378997802734
0.24175643920898438
1.3659000396728516
2.8848648071289062
1.1420249938964844
1.470804214477539
0.2722740173339844
0.2810955047607422
3.280162811279297
0.9169578552246094
1.8360614776611328
1.3539791107177734
0.2949237823486328
2.0360946655273438
2.950906753540039
0.3829002380371094
1.3761520385742188
3.1189918518066406
1.9159317016601562
0.8380413055419922
0.9899139404296875
1.9671916961669922
1.3401508331298828
1.1677742004394531
0.7860660552978516
1.6460418701171875
0.8797645568847656
1.1601448059082031
0.7097721099853516
1.1818408966064453
1.9989013671875
2.7768611907958984
1.4050006866455078
0.5490779876708984
6.352901458740234
4.436969757080078
3.2608509063720703
0.5147457122802734
0.6656646728515625
1.3930797576904297
1.4841556549072266
1.6400814056396484
2.707958221435547
1.2197494506835938
2.6009082794189453
0.7791519165039062
1.1680126190185547
0.5939006805419922
0.3509521484375
1.4493465423583984
6.107091903686523
0.4990100860595703
4.074811935424805
0.5438327789306641
0.49304962158203125
1.5869140625
0.2949237823486328
0.43582916259765625
3.607034683227539
3.773212432861328
4.16111946105957
0.40602684020996094
3.136873245239258
1.1882781982421875
4.387140274047852
3.0219554901123047
3.0562877655029297
2.9408931732177734
1.1928081512451172
1.5349388122558594
0.2989768981933594
0.8480548858642578
0.5171298980712891
1.3413429260253906
1.522064208984375
1.6231536865234375
1.7971992492675781
4.0378570556640625
2.2993087768554688
2.9287338256835938
1.1608600616455078
0.4947185516357422
3.0791759490966797
0.5681514739990234
1.0402202606201172
0.8289813995361328
1.7788410186767578
1.924276351928711
0.3848075866699219
1.5299320220947266
0.30112266540527344
2.4781227111816406
1.628875732421875
1.699209213256836
0.6062984466552734
0.7097721099853516
0.49686431884765625
0.7190704345703125
0.3800392150878906
2.234935760498047
0.2779960632324219
1.5609264373779297
0.8111000061035156
0.11491775512695312
0.7071495056152344
0.2560615539550781
1.2488365173339844
1.3179779052734375
1.4371871948242188
0.2639293670654297
1.8799304962158203
0.8630752563476562
0.23794174194335938
1.3670921325683594
0.09584426879882812
0.5669593811035156
0.10585784912109375
0.7123947143554688
1.54876708984375
2.095937728881836
1.1746883392333984
0.6070137023925781
2.1741390228271484
2.0020008087158203
1.3151168823242188
0.2639293670654297
0.37288665771484375
1.1730194091796875
1.1720657348632812
2.908945083618164
1.2102127075195312
1.1739730834960938
1.4290809631347656
1.3608932495117188
0.8478164672851562
17.913818359375
17.086029052734375
0.7250308990478516
1.5139579772949219
1.6300678253173828
0.2720355987548828
1.8291473388671875
1.0869503021240234
0.3819465637207031
2.0990371704101562
0.3561973571777344
2.2869110107421875
0.4630088806152344
1.2369155883789062
0.4661083221435547
1.6961097717285156
0.1819133758544922
1.0607242584228516
0.5230903625488281
2.9060840606689453
1.5506744384765625
1.4560222625732422
1.2810230255126953
1.641988754272461
0.8699893951416016
1.8749237060546875
1.5821456909179688
0.6902217864990234
0.3592967987060547
0.37097930908203125
0.3299713134765625
1.8818378448486328
0.5652904510498047
0.5841255187988281
0.47707557678222656
1.4829635620117188
1.1110305786132812
1.6520023345947266
1.4007091522216797
0.3421306610107422
2.620220184326172
0.5629062652587891
0.2720355987548828
1.1432170867919922
1.1188983917236328
1.5070438385009766
0.5886554718017578
0.3330707550048828
2.3207664489746094
0.9348392486572266
0.6139278411865234
1.1258125305175781
0.2751350402832031
0.9222030639648438
1.4088153839111328
1.0769367218017578
1.094818115234375
1.7838478088378906
1.2607574462890625
0.3020763397216797
0.5462169647216797
1.0678768157958984
1.0366439819335938
0.45800209045410156
0.2999305725097656
2.664804458618164
0.3540515899658203
2.897977828979492
0.6673336029052734
0.2841949462890625
1.2590885162353516
0.3838539123535156
0.28586387634277344
1.1489391326904297
0.4048347473144531
2.1932125091552734
1.149892807006836
1.3670921325683594
0.8687973022460938
1.1701583862304688
1.3532638549804688
0.6399154663085938
0.6039142608642578
0.2720355987548828
1.7600059509277344
0.5619525909423828
1.7499923706054688
1.2259483337402344
0.6818771362304688
0.5218982696533203
0.5388259887695312
0.31304359436035156
2.2001266479492188
0.4279613494873047
1.1379718780517578
1.2469291687011719
0.7469654083251953
4.450082778930664
0.4119873046875
1.9068717956542969
1.3458728790283203
1.4619827270507812
0.2739429473876953
0.3120899200439453
1.1250972747802734
1.6407966613769531
1.3720989227294922
1.605987548828125
1.1699199676513672
0.6201267242431641
1.5430450439453125
1.0669231414794922
0.5650520324707031
2.1119117736816406
1.3496875762939453
0.2231597900390625
1.786947250366211
1.705169677734375
1.5900135040283203
0.4773139953613281
3.383636474609375
1.7242431640625
1.3718605041503906
0.28395652770996094
0.2963542938232422
0.537872314453125
2.2821426391601562
0.8718967437744141
1.2271404266357422
0.9031295776367188
1.0879039764404297
0.24700164794921875
1.3642311096191406
1.44195556640625
1.2569427490234375
0.9989738464355469
0.3108978271484375
0.16498565673828125
0.7920265197753906
0.5507469177246094
1.3828277587890625
1.432180404663086
0.8990764617919922
0.8900165557861328
0.5338191986083984
1.3129711151123047
0.20623207092285156
1.4870166778564453
1.9600391387939453
1.191854476928711
0.6530284881591797
1.2552738189697266
1.1110305786132812
0.2510547637939453
0.21982192993164062
1.4948844909667969
0.7779598236083984
2.4781227111816406
1.8613338470458984
0.2338886260986328
1.5268325805664062
2.4390220642089844
1.2209415435791016
0.8990764617919922
0.5600452423095703
0.8869171142578125
0.8859634399414062
1.1761188507080078
0.33783912658691406
2.3088455200195312
0.3299713134765625
2.8128623962402344
0.7359981536865234
0.7100105285644531
0.6811618804931641
0.5278587341308594
2.321004867553711
1.0228157043457031
1.1348724365234375
1.0540485382080078
1.0857582092285156
0.8738040924072266
1.1317729949951172
0.2543926239013672
1.9578933715820312
1.4257431030273438
1.3937950134277344
0.27489662170410156
0.2791881561279297
1.0399818420410156
1.1439323425292969
1.0340213775634766
1.2929439544677734
1.3439655303955078
0.9539127349853516
0.5159378051757812
2.5870800018310547
0.5748271942138672
0.3380775451660156
1.7359256744384766
0.6499290466308594
1.5039443969726562
4.314184188842773
1.5070438385009766
0.5841255187988281
0.5662441253662109
0.25272369384765625
0.9558200836181641
1.2280941009521484
1.0449886322021484
1.3480186462402344
2.2118091583251953
1.6171932220458984
1.435995101928711
3.1630992889404297
3.095865249633789
1.1022090911865234
1.1336803436279297
0.26917457580566406
0.35190582275390625
1.7399787902832031
1.6188621520996094
1.8520355224609375
0.3790855407714844
1.2819766998291016
1.377105712890625
1.8601417541503906
1.9378662109375
0.6279945373535156
1.026153564453125
1.3341903686523438
1.4548301696777344
2.853870391845703
4.033803939819336
3.0488967895507812
3.412961959838867
2.2661685943603516
0.49304962158203125
0.3590583801269531
0.2167224884033203
3.0410289764404297
0.5428791046142578
4.818916320800781
3.036022186279297
2.3429393768310547
1.399993896484375
2.988100051879883
3.547191619873047
1.291036605834961
2.3767948150634766
3.083944320678711
0.4298686981201172
4.228830337524414
0.4990100860595703
2.7627944946289062
1.4960765838623047
0.7860660552978516
0.7190704345703125
6.834745407104492
0.26917457580566406
1.558065414428711
2.8946399688720703
1.6791820526123047
1.7168521881103516
0.36907196044921875
1.4681816101074219
0.39005279541015625
0.3781318664550781
3.1790733337402344
2.840757369995117
2.518177032470703
1.7828941345214844
0.9632110595703125
1.0099411010742188
0.5161762237548828
5.393028259277344
2.8069019317626953
2.393007278442383
1.6078948974609375
0.6871223449707031
5.667924880981445
1.5230178833007812
1.024007797241211
0.7159709930419922
2.516031265258789
0.8409023284912109
0.26702880859375
1.9979476928710938
0.3440380096435547
2.0859241485595703
1.155853271484375
1.4832019805908203
0.8399486541748047
0.5462169647216797
2.7687549591064453
2.731800079345703
3.260374069213867
2.2699832916259766
1.069784164428711
2.579927444458008
0.5640983581542969
2.583026885986328
2.662181854248047
2.0470619201660156
1.4019012451171875
2.0890235900878906
6.8340301513671875
3.103971481323242
1.2660026550292969
3.3740997314453125
1.9900798797607422
0.8976459503173828
7.284879684448242
0.614166259765625
1.2009143829345703
1.4600753784179688
1.3737678527832031
0.67901611328125
1.9330978393554688
1.6429424285888672
1.5177726745605469
2.225160598754883
3.186941146850586
0.8728504180908203
1.3990402221679688
2.897977828979492
3.798961639404297
0.8299350738525391
5.3119659423828125
1.9559860229492188
0.40984153747558594
3.139019012451172
6.944894790649414
0.8130073547363281
7.30586051940918
0.476837158203125
0.3409385681152344
1.995086669921875
2.203702926635742
1.6870498657226562
0.96893310546875
6.279945373535156
1.325845718383789
0.5340576171875
0.453948974609375
1.585245132446289
1.1677742004394531
1.3191699981689453
1.6357898712158203
2.368927001953125
2.3529529571533203
2.3539066314697266
4.31370735168457
1.8849372863769531
1.8889904022216797
0.16570091247558594
1.7380714416503906
0.43082237243652344
0.20384788513183594
1.4688968658447266
0.2911090850830078
1.0669231414794922
1.0271072387695312
0.5152225494384766
0.4169940948486328
0.25010108947753906
0.7920265197753906
0.8809566497802734
0.32901763916015625
0.34689903259277344
0.20503997802734375
1.3318061828613281
0.5700588226318359
0.23484230041503906
0.5109310150146484
0.9977817535400391
0.9179115295410156
0.308990478515625
1.2531280517578125
0.2810955047607422
0.20694732666015625
0.2498626708984375
0.6158351898193359
0.9140968322753906
1.415252685546875
1.8460750579833984
2.2079944610595703
1.6369819641113281
2.538919448852539
0.7548332214355469
0.8051395416259766
1.8723011016845703
1.4851093292236328
0.8730888366699219
2.1779537200927734
1.5320777893066406
0.45108795166015625
1.6689300537109375
3.542184829711914
2.527952194213867
1.074075698852539
1.2981891632080078
1.2078285217285156
2.791881561279297
0.8032321929931641
1.712799072265625
0.7371902465820312
0.25272369384765625
0.2257823944091797
0.32782554626464844
1.7333030700683594
0.5350112915039062
1.9800662994384766
2.117156982421875
1.5110969543457031
1.8260478973388672
0.6568431854248047
3.4987926483154297
3.220081329345703
0.7078647613525391
0.35500526428222656
0.8327960968017578
1.9309520721435547
1.5521049499511719
3.6089420318603516
4.8999786376953125
3.086090087890625
4.153013229370117
4.392862319946289
0.4589557647705078
0.6558895111083984
0.6468296051025391
1.6949176788330078
0.6511211395263672
2.489805221557617
2.3088455200195312
3.425121307373047
1.8138885498046875
2.5980472564697266
1.1568069458007812
0.27489662170410156
3.335237503051758
0.5099773406982422
3.857135772705078
1.064300537109375
1.0769367218017578
2.048015594482422
1.0159015655517578
0.7522106170654297
1.7561912536621094
3.5352706909179688
1.3439655303955078
1.5070438385009766
0.5171298980712891
0.7078647613525391
0.6029605865478516
1.2829303741455078
0.9419918060302734
4.306793212890625
1.6779899597167969
1.62506103515625
1.4460086822509766
8.048295974731445
1.5709400177001953
1.7998218536376953
1.8582344055175781
1.085042953491211
0.26869773864746094
0.2422332763671875
2.6879310607910156
2.6760101318359375
0.2148151397705078
1.9688606262207031
1.8229484558105469
1.6269683837890625
1.291036605834961
0.2620220184326172
1.5077590942382812
0.48995018005371094
0.7548332214355469
1.5149116516113281
7.564067840576172
3.8938522338867188
2.1750926971435547
5.208015441894531
1.3000965118408203
0.6680488586425781
3.323793411254883
3.2601356506347656
2.8040409088134766
0.26917457580566406
0.29778480529785156
2.794027328491211
1.3439655303955078
4.39906120300293
1.834869384765625
1.107931137084961
2.4700164794921875
3.2219886779785156
3.3826828002929688
1.6260147094726562
2.726316452026367
1.3828277587890625
1.1491775512695312
0.5559921264648438
5.357027053833008
4.7931671142578125
0.8909702301025391
0.7669925689697266
1.8076896667480469
7.031917572021484
0.5817413330078125
1.8711090087890625
2.4890899658203125
0.308990478515625
4.089832305908203
3.690958023071289
1.5680789947509766
0.5660057067871094
0.6539821624755859
0.4889965057373047
1.107931137084961
3.1387805938720703
1.8661022186279297
1.3728141784667969
1.216888427734375
2.270936965942383
3.3681392669677734
3.482818603515625
4.733800888061523
1.8589496612548828
1.6789436340332031
2.0368099212646484
0.3840923309326172
1.0509490966796875
2.560853958129883
0.2665519714355469
0.3421306610107422
0.3459453582763672
1.1470317840576172
0.31304359436035156
4.53495979309082
0.6761550903320312
8.070945739746094
0.8950233459472656
3.143787384033203
1.4672279357910156
0.6897449493408203
1.3511180877685547
1.222848892211914
1.2359619140625
1.5113353729248047
2.2096633911132812
2.675294876098633
7.084131240844727
5.267143249511719
1.8970966339111328
1.2660026550292969
0.8959770202636719
0.5428791046142578
0.34618377685546875
0.38504600524902344
1.9211769104003906
6.28209114074707
0.9801387786865234
1.9888877868652344
4.6558380126953125
2.108335494995117
1.5568733215332031
1.4700889587402344
1.421213150024414
0.7090568542480469
4.364013671875
1.210927963256836
2.9611587524414062
1.9011497497558594
2.7730464935302734
0.6430149078369141
1.6560554504394531
1.0747909545898438
0.5030632019042969
1.094818115234375
2.0928382873535156
4.293918609619141
3.2808780670166016
1.3129711151123047
1.3272762298583984
0.5791187286376953
3.1270980834960938
7.074832916259766
0.3230571746826172
0.247955322265625
3.7500858306884766
4.194021224975586
3.1731128692626953
1.7049312591552734
2.6230812072753906
0.43082237243652344
3.648996353149414
1.583099365234375
1.6891956329345703
3.1309127807617188
1.7359256744384766
0.49114227294921875
0.518798828125
1.4262199401855469
0.33211708068847656
0.5688667297363281
1.7580986022949219
2.0568370819091797
1.9068717956542969
1.569986343383789
1.0771751403808594
0.2541542053222656
0.6320476531982422
0.5357265472412109
0.3380775451660156
3.367900848388672
1.1467933654785156
0.27680397033691406
3.3779144287109375
3.4003257751464844
1.8148422241210938
1.1150836944580078
0.7238388061523438
6.426095962524414
0.3199577331542969
2.6857852935791016
1.7690658569335938
1.9068717956542969
2.196073532104492
2.177000045776367
0.6248950958251953
0.7150173187255859
0.28514862060546875
1.4650821685791016
0.46324729919433594
1.573801040649414
1.9609928131103516
1.6350746154785156
0.5440711975097656
1.6658306121826172
1.0890960693359375
0.9090900421142578
0.30303001403808594
1.7490386962890625
1.8723011016845703
0.5350112915039062
1.432180404663086
2.696990966796875
2.3059844970703125
0.492095947265625
3.8061141967773438
1.6951560974121094
2.1791458129882812
1.2347698211669922
1.722097396850586
2.953767776489258
1.7800331115722656
2.1648406982421875
1.4920234680175781
1.1298656463623047
1.255035400390625
0.6260871887207031
1.8489360809326172
0.26917457580566406
2.7060508728027344
2.0520687103271484
0.2720355987548828
2.138853073120117
1.4300346374511719
1.6090869903564453
0.9229183197021484
0.74005126953125
1.4650821685791016
0.38886070251464844
0.37288665771484375
3.2379627227783203
1.489877700805664
1.844167709350586
1.0612010955810547
1.027822494506836
0.6320476531982422
4.583835601806641
0.4940032958984375
3.226041793823242
0.9429454803466797
1.4710426330566406
1.4300346374511719
0.6678104400634766
1.48773193359375
0.5009174346923828
0.5981922149658203
2.691984176635742
1.9750595092773438
1.519918441772461
1.3430118560791016
1.352071762084961
0.2880096435546875
0.3566741943359375
0.5159378051757812
1.0046958923339844
5.763053894042969
3.2808780670166016
0.4360675811767578
3.5240650177001953
1.440286636352539
0.5040168762207031
5.222797393798828
1.0960102081298828
1.226663589477539
1.4269351959228516
1.2421607971191406
1.2607574462890625
2.8951168060302734
2.1109580993652344
2.1088123321533203
0.2770423889160156
1.4960765838623047
0.5729198455810547
1.4979839324951172
1.3480186462402344
1.260995864868164
1.1241436004638672
0.74005126953125
0.2701282501220703
0.3578662872314453
1.4679431915283203
1.194000244140625
0.5350112915039062
0.4818439483642578
3.251791000366211
2.9959678649902344
1.8379688262939453
3.858327865600586
1.4209747314453125
0.8189678192138672
5.778789520263672
1.5170574188232422
2.017974853515625
1.4050006866455078
1.6889572143554688
1.8341541290283203
1.249074935913086
1.3620853424072266
0.5919933319091797
1.3308525085449219
0.4329681396484375
1.522064208984375
1.2018680572509766
1.8031597137451172
0.6201267242431641
1.0230541229248047
1.4121532440185547
0.24080276489257812
0.4029273986816406
3.592967987060547
0.6921291351318359
1.1126995086669922
1.0879039764404297
1.4357566833496094
1.405954360961914
2.1779537200927734
0.4661083221435547
3.4339427947998047
0.6580352783203125
2.8569698333740234
0.9930133819580078
0.7159709930419922
1.4829635620117188
0.4887580871582031
3.329038619995117
1.5308856964111328
0.5900859832763672
0.5340576171875
0.5009174346923828
1.5208721160888672
0.41484832763671875
1.1217594146728516
1.4410018920898438
2.6319026947021484
0.2791881561279297
0.5459785461425781
0.6341934204101562
1.0101795196533203
1.2209415435791016
0.4379749298095703
0.41794776916503906
2.668142318725586
0.6687641143798828
3.1969547271728516
0.5300045013427734
3.1223297119140625
0.44989585876464844
6.272077560424805
1.3570785522460938
1.4600753784179688
1.5819072723388672
0.5669593811035156
1.2462139129638672
0.3383159637451172
1.361846923828125
3.534078598022461
1.9750595092773438
1.180887222290039
1.9330978393554688
1.7497539520263672
2.8951168060302734
1.2199878692626953
0.2951622009277344
0.44417381286621094
0.988006591796875
0.7009506225585938
1.4808177947998047
2.3071765899658203
3.0279159545898438
1.6438961029052734
0.43487548828125
2.783060073852539
0.34689903259277344
0.4749298095703125
4.630804061889648
1.207113265991211
1.5218257904052734
4.4651031494140625
1.5568733215332031
1.0879039764404297
0.9038448333740234
1.3451576232910156
0.3077983856201172
0.5018711090087891
4.745960235595703
1.3561248779296875
1.3589859008789062
0.48995018005371094
1.0001659393310547
0.3349781036376953
0.41794776916503906
3.730297088623047
0.9930133819580078
1.2848377227783203
1.4231204986572266
1.2981891632080078
4.609107971191406
3.27301025390625
1.52587890625
1.5931129455566406
0.476837158203125
1.8601417541503906
1.6090869903564453
1.5909671783447266
0.26607513427734375
1.4641284942626953
1.2578964233398438
1.2969970703125
1.4891624450683594
4.101991653442383
1.070261001586914
0.3199577331542969
1.0209083557128906
4.092216491699219
1.1878013610839844
0.9820461273193359
0.30994415283203125
2.4797916412353516
1.4410018920898438
1.54876708984375
1.3980865478515625
1.2459754943847656
2.1049976348876953
5.257129669189453
0.6239414215087891
3.4270286560058594
2.6559829711914062
0.5829334259033203
0.21791458129882812
1.8689632415771484
0.8361339569091797
1.8758773803710938
1.4789104461669922
0.7669925689697266
1.6293525695800781
0.7579326629638672
0.12803077697753906
0.6692409515380859
0.8099079132080078
0.22292137145996094
0.6589889526367188
0.6139278411865234
1.104116439819336
0.45490264892578125
1.3320446014404297
1.1398792266845703
1.8489360809326172
1.2412071228027344
1.4522075653076172
1.7681121826171875
2.048015594482422
0.31185150146484375
1.1267662048339844
0.5700588226318359
1.2137889862060547
0.6508827209472656
0.5817413330078125
0.3139972686767578
0.9520053863525391
0.8418560028076172
1.3360977172851562
1.8498897552490234
1.13677978515625
2.1271705627441406
1.1260509490966797
0.38123130798339844
1.4519691467285156
1.3811588287353516
1.1336803436279297
1.191854476928711
0.5171298980712891
0.5929470062255859
1.129150390625
0.270843505859375
1.096963882446289
1.0428428649902344
0.7970333099365234
0.5939006805419922
0.9131431579589844
0.7390975952148438
0.6110668182373047
0.40078163146972656
0.6196498870849609
0.8981227874755859
0.36978721618652344
3.7758350372314453
1.3718605041503906
1.4200210571289062
1.4979839324951172
1.1692047119140625
0.6358623504638672
0.2429485321044922
1.6009807586669922
0.2791881561279297
0.5688667297363281
1.2810230255126953
0.4050731658935547
0.3247261047363281
2.2220611572265625
0.6189346313476562
1.31988525390625
0.29397010803222656
0.5669593811035156
0.4239082336425781
1.3849735260009766
1.2369155883789062
2.0177364349365234
1.531839370727539
0.9748935699462891
1.2431144714355469
1.2049674987792969
1.1448860168457031
1.3191699981689453
1.0859966278076172
2.1131038665771484
0.43702125549316406
2.2470951080322266
1.6257762908935547
0.7548332214355469
0.308990478515625
2.212047576904297
0.3261566162109375
0.576019287109375
1.0309219360351562
0.8289813995361328
0.3497600555419922
2.3071765899658203
1.3570785522460938
1.1208057403564453
0.3159046173095703
0.5748271942138672
0.6561279296875
1.142740249633789
1.4071464538574219
1.3737678527832031
1.0950565338134766
1.2180805206298828
1.1467933654785156
0.6120204925537109
1.1830329895019531
0.3330707550048828
1.3997554779052734
1.3930797576904297
1.7561912536621094
1.2309551239013672
0.5409717559814453
2.3822784423828125
1.538991928100586
0.2961158752441406
0.7479190826416016
1.474142074584961
1.7268657684326172
0.3781318664550781
0.5939006805419922
0.5609989166259766
1.2738704681396484
1.2421607971191406
0.31304359436035156
1.8889904022216797
1.2760162353515625
0.6170272827148438
0.3628730773925781
2.112150192260742
0.30803680419921875
2.071857452392578
1.0762214660644531
1.4319419860839844
0.9891986846923828
0.6170272827148438
0.2906322479248047
1.302957534790039
0.2999305725097656
1.310110092163086
0.8871555328369141
0.8108615875244141
1.2087821960449219
0.6878376007080078
0.5259513854980469
0.3409385681152344
0.6341934204101562
1.80816650390625
1.3020038604736328
0.5822181701660156
1.4090538024902344
1.2278556823730469
0.7691383361816406
0.6268024444580078
1.8589496612548828
1.3349056243896484
0.6036758422851562
0.9758472442626953
1.4798641204833984
1.714944839477539
1.6498565673828125
0.2942085266113281
0.26798248291015625
1.9938945770263672
0.46062469482421875
1.6720294952392578
0.6208419799804688
0.8089542388916016
0.28586387634277344
0.6270408630371094
0.6461143493652344
1.1720657348632812
0.5421638488769531
1.5001296997070312
1.0590553283691406
2.8028488159179688
1.2187957763671875
1.5528202056884766
1.38092041015625
0.35309791564941406
2.8879642486572266
0.4401206970214844
0.3330707550048828
1.2099742889404297
1.2788772583007812
1.8069744110107422
1.3689994812011719
0.6449222564697266
1.4300346374511719
0.3409385681152344
2.5942325592041016
1.5101432800292969
0.9620189666748047
0.4870891571044922
3.5898685455322266
0.4780292510986328
0.45013427734375
0.3447532653808594
1.1167526245117188
1.5349388122558594
0.3540515899658203
2.2330284118652344
1.4739036560058594
0.7579326629638672
1.3072490692138672
2.4080276489257812
2.404928207397461
1.7778873443603516
1.5218257904052734
1.2500286102294922
1.645803451538086
0.18286705017089844
1.2621879577636719
1.0340213775634766
0.2758502960205078
1.2688636779785156
0.6060600280761719
1.0318756103515625
0.5908012390136719
0.46896934509277344
0.5252361297607422
0.3509521484375
1.445770263671875
1.2359619140625
0.3108978271484375
1.9199848175048828
1.522064208984375
0.4680156707763672
2.747774124145508
0.4379749298095703
3.117084503173828
0.7739067077636719
0.34499168395996094
0.49567222595214844
3.737211227416992
2.089977264404297
3.9420127868652344
1.405954360961914
1.5139579772949219
0.9672641754150391
4.764080047607422
0.6549358367919922
1.4901161193847656
1.3849735260009766
2.8717517852783203
1.2726783752441406
0.6389617919921875
1.146078109741211
0.37407875061035156
1.7628669738769531
8.482933044433594
1.2242794036865234
1.1687278747558594
0.3619194030761719
4.519939422607422
1.7769336700439453
0.9031295776367188
1.5211105346679688
1.402139663696289
0.36907196044921875
2.9850006103515625
1.6679763793945312
2.2170543670654297
1.331329345703125
2.1829605102539062
1.6560554504394531
3.547191619873047
1.8839836120605469
1.9159317016601562
0.39696693420410156
3.835916519165039
0.4718303680419922
1.3842582702636719
1.680135726928711
2.3581981658935547
1.6236305236816406
0.3077983856201172
1.5439987182617188
1.4178752899169922
2.264738082885742
0.6480216979980469
0.5469322204589844
8.531808853149414
1.7092227935791016
1.2748241424560547
0.9250640869140625
2.2962093353271484
4.709005355834961
0.457763671875
2.973794937133789
0.9310245513916016
0.7162094116210938
2.03704833984375
2.640247344970703
0.3151893615722656
1.116037368774414
0.40912628173828125
3.7910938262939453
3.0231475830078125
3.0112266540527344
0.5218982696533203
0.6899833679199219
1.1630058288574219
1.4760494232177734
2.4161338806152344
2.328157424926758
0.9930133819580078
1.3189315795898438
2.1827220916748047
2.131938934326172
1.544952392578125
1.6078948974609375
1.3420581817626953
1.432180404663086
1.6219615936279297
1.5399456024169922
5.286931991577148
5.727291107177734
4.874944686889648
0.33402442932128906
2.089977264404297
1.432180404663086
1.5401840209960938
0.3020763397216797
3.0438899993896484
3.1409263610839844
0.6470680236816406
0.5559921264648438
1.786947250366211
1.0449886322021484
0.8397102355957031
0.42819976806640625
1.0859966278076172
6.713151931762695
1.5158653259277344
1.5499591827392578
1.5950202941894531
1.6660690307617188
1.7087459564208984
1.3170242309570312
1.3630390167236328
3.3769607543945312
2.3229122161865234
1.940011978149414
1.0538101196289062
0.37097930908203125
1.7099380493164062
1.519918441772461
1.4712810516357422
1.2159347534179688
1.3051033020019531
1.2660026550292969
0.6358623504638672
1.8029212951660156
1.2447834014892578
0.9679794311523438
1.6918182373046875
1.6171932220458984
1.3780593872070312
2.3102760314941406
0.4792213439941406
3.887176513671875
0.5619525909423828
3.9229393005371094
1.1620521545410156
1.1572837829589844
0.44417381286621094
0.5710124969482422
5.520105361938477
0.453948974609375
1.3718605041503906
1.2600421905517578
0.6961822509765625
0.4382133483886719
1.4929771423339844
0.3256797790527344
4.251003265380859
1.2760162353515625
2.0148754119873047
2.794981002807617
4.21595573425293
1.2440681457519531
1.3899803161621094
1.8229484558105469
1.374959945678711
1.477956771850586
1.2102127075195312
0.2872943878173828
1.3918876647949219
1.5320777893066406
5.372047424316406
0.4379749298095703
0.6458759307861328
0.5540847778320312
0.5090236663818359
3.6208629608154297
1.1591911315917969
6.815910339355469
1.6689300537109375
0.3581047058105469
3.592967987060547
2.9239654541015625
2.2780895233154297
2.424001693725586
1.4009475708007812
4.17017936706543
2.657175064086914
1.5249252319335938
1.64794921875
1.3360977172851562
1.4400482177734375
1.3740062713623047
0.29015541076660156
1.2829303741455078
1.3048648834228516
2.792835235595703
0.22912025451660156
1.2810230255126953
0.43511390686035156
0.28204917907714844
1.4090538024902344
1.7940998077392578
1.4290809631347656
1.3539791107177734
4.359245300292969
1.3918876647949219
1.316070556640625
1.0831356048583984
5.509853363037109
3.0579566955566406
0.29015541076660156
1.417398452758789
0.8728504180908203
1.7809867858886719
0.6258487701416016
6.680965423583984
1.4798641204833984
1.2631416320800781
0.41031837463378906
1.19781494140625
1.7521381378173828
0.637054443359375
1.405954360961914
4.215240478515625
1.4519691467285156
3.5278797149658203
1.8928050994873047
1.9979476928710938
6.84809684753418
1.6880035400390625
1.505136489868164
0.3829002380371094
2.5987625122070312
1.6961097717285156
0.8151531219482422
1.2278556823730469
1.0731220245361328
0.4572868347167969
0.347137451171875
1.4510154724121094
1.3380050659179688
1.2590885162353516
1.6889572143554688
1.5408992767333984
1.489877700805664
0.41294097900390625
2.766847610473633
1.0559558868408203
1.8651485443115234
1.2080669403076172
1.0466575622558594
1.1129379272460938
0.6978511810302734
3.298044204711914
1.5110969543457031
0.40078163146972656
3.4062862396240234
4.914283752441406
0.29206275939941406
1.558065414428711
1.1420249938964844
0.6430149078369141
0.431060791015625
0.5412101745605469
1.3289451599121094
1.3699531555175781
1.3158321380615234
1.4247894287109375
1.809835433959961
1.558065414428711
1.3620853424072266
1.554250717163086
1.9960403442382812
2.2339820861816406
2.978086471557617
1.856088638305664
0.7300376892089844
0.4820823669433594
3.8738250732421875
0.3409385681152344
3.3059120178222656
1.3248920440673828
1.4209747314453125
1.4789104461669922
3.100872039794922
2.741098403930664
0.6561279296875
0.2906322479248047
0.5180835723876953
3.515958786010742
2.496004104614258
6.054878234863281
4.0149688720703125
1.0519027709960938
1.8999576568603516
1.3508796691894531
0.7669925689697266
10.016202926635742
1.547098159790039
1.1470317840576172
0.25391578674316406
1.62506103515625
3.2830238342285156
2.153158187866211
4.611968994140625
3.0908584594726562
1.7800331115722656
1.5861988067626953
1.0499954223632812
0.19979476928710938
1.092672348022461
0.17213821411132812
1.008749008178711
0.6480216979980469
5.518913269042969
1.7120838165283203
0.5199909210205078
5.414247512817383
3.2739639282226562
1.9009113311767578
1.8372535705566406
2.251148223876953
3.201007843017578
0.5102157592773438
5.281209945678711
1.4591217041015625
1.5931129455566406
0.3421306610107422
2.7780532836914062
1.6493797302246094
1.3890266418457031
2.6388168334960938
2.0339488983154297
1.51824951171875
0.49376487731933594
3.1652450561523438
1.2547969818115234
1.3210773468017578
2.0818710327148438
0.3910064697265625
5.047798156738281
3.6840438842773438
2.1660327911376953
1.1568069458007812
1.3098716735839844
2.8808116912841797
1.9130706787109375
1.5981197357177734
1.3802051544189453
1.444101333618164
1.4460086822509766
1.3718605041503906
4.273176193237305
5.344152450561523
3.0851364135742188
1.2309551239013672
1.1851787567138672
1.2540817260742188
1.31988525390625
0.4169940948486328
0.7150173187255859
1.1599063873291016
3.535032272338867
0.5128383636474609
1.4116764068603516
1.4810562133789062
2.5959014892578125
1.917123794555664
3.4749507904052734
4.307746887207031
1.5790462493896484
1.3210773468017578
1.238107681274414
1.2748241424560547
1.1868476867675781
1.3608932495117188
0.6499290466308594
9.602069854736328
3.6139488220214844
12.387275695800781
0.3159046173095703
0.6430149078369141
0.7588863372802734
0.42700767517089844
4.312753677368164
0.9427070617675781
1.3000965118408203
1.2369155883789062
0.3943443298339844
1.9421577453613281
1.6200542449951172
1.3928413391113281
1.6210079193115234
2.134084701538086
4.240989685058594
2.7282238006591797
1.4657974243164062
1.2090206146240234
0.8099079132080078
0.5350112915039062
0.6957054138183594
4.784822463989258
0.27298927307128906
0.9980201721191406
1.5799999237060547
1.4581680297851562
1.5499591827392578
1.4162063598632812
1.8651485443115234
3.372669219970703
1.0061264038085938
1.3990402221679688
1.8041133880615234
2.5048255920410156
0.7050037384033203
5.970954895019531
0.9410381317138672
0.5769729614257812
8.538961410522461
1.5201568603515625
2.8531551361083984
0.6461143493652344
4.341840744018555
2.212047576904297
4.63414192199707
0.6079673767089844
1.129150390625
0.8931159973144531
0.41103363037109375
4.736900329589844
2.5250911712646484
2.7799606323242188
0.6768703460693359
3.4890174865722656
1.7883777618408203
2.118825912475586
3.7491321563720703
5.254030227661133
1.2569427490234375
1.020193099975586
1.962900161743164
4.761219024658203
1.4538764953613281
4.168033599853516
2.7348995208740234
1.8129348754882812
1.8389225006103516
1.7349720001220703
1.2519359588623047
1.9469261169433594
2.0291805267333984
0.8146762847900391
11.052131652832031
1.3282299041748047
0.2570152282714844
1.069784164428711
1.168966293334961
0.42700767517089844
2.6879310607910156
1.3921260833740234
1.4719963073730469
1.2440681457519531
0.3268718719482422
2.871990203857422
1.2462139129638672
0.33783912658691406
2.4619102478027344
1.1298656463623047
0.7507801055908203
4.286050796508789
1.5828609466552734
1.699209213256836
4.364728927612305
2.3009777069091797
5.675077438354492
10.02192497253418
1.19781494140625
0.28586387634277344
0.15807151794433594
0.9288787841796875
1.2118816375732422
0.5400180816650391
6.611824035644531
1.2841224670410156
3.2460689544677734
1.7881393432617188
1.3659000396728516
1.3499259948730469
1.5187263488769531
0.4029273986816406
1.9869804382324219
2.1619796752929688
2.756834030151367
1.2960433959960938
1.6720294952392578
4.632234573364258
2.682924270629883
1.5528202056884766
0.31304359436035156
4.504203796386719
3.4139156341552734
4.470109939575195
0.2760887145996094
1.7399787902832031
1.216888427734375
1.0960102081298828
0.49686431884765625
2.741098403930664
0.9212493896484375
2.302408218383789
1.09100341796875
0.6101131439208984
4.62794303894043
1.2350082397460938
0.2071857452392578
1.1610984802246094
2.804994583129883
1.9431114196777344
1.6717910766601562
1.0838508605957031
1.2629032135009766
0.6709098815917969
0.47206878662109375
1.4197826385498047
0.5519390106201172
5.953073501586914
1.316070556640625
1.3089179992675781
1.299142837524414
2.0270347595214844
1.7600059509277344
1.4750957489013672
2.3369789123535156
1.1572837829589844
0.49304962158203125
4.680156707763672
3.7622451782226562
1.3310909271240234
1.4748573303222656
1.413106918334961
1.2972354888916016
0.2639293670654297
0.6310939788818359
0.5328655242919922
3.125905990600586
1.458883285522461
2.43377685546875
1.3501644134521484
4.965782165527344
1.7709732055664062
8.268117904663086
1.5301704406738281
2.7818679809570312
1.275777816772461
1.8901824951171875
0.9698867797851562
0.8037090301513672
1.8723011016845703
2.2878646850585938
1.3110637664794922
6.131887435913086
1.0249614715576172
1.190185546875
1.1639595031738281
0.3368854522705078
0.5099773406982422
0.44417381286621094
1.4081001281738281
1.4116764068603516
0.3821849822998047
2.683877944946289
1.3740062713623047
0.415802001953125
1.4379024505615234
1.5110969543457031
0.41794776916503906
2.950906753540039
1.0628700256347656
0.29587745666503906
0.5159378051757812
3.8301944732666016
1.3370513916015625
1.3229846954345703
1.445770263671875
0.3600120544433594
1.3439655303955078
2.395153045654297
2.065896987915039
0.5040168762207031
4.84776496887207
2.1228790283203125
1.6009807586669922
0.7908344268798828
1.2860298156738281
1.5277862548828125
1.73187255859375
2.109050750732422
0.5030632019042969
2.8069019317626953
2.864837646484375
0.6830692291259766
1.2841224670410156
1.4238357543945312
1.3430118560791016
1.1489391326904297
0.4019737243652344
3.094911575317383
1.7747879028320312
1.711130142211914
1.1179447174072266
1.9321441650390625
0.5369186401367188
3.6079883575439453
1.4390945434570312
0.9391307830810547
4.359960556030273
1.6760826110839844
0.9169578552246094
1.043081283569336
1.6849040985107422
0.36597251892089844
1.5430450439453125
1.9409656524658203
1.6770362854003906
1.8246173858642578
1.4300346374511719
1.4240741729736328
0.3142356872558594
0.3421306610107422
3.408193588256836
2.1381378173828125
1.0688304901123047
1.7161369323730469
4.361152648925781
4.984140396118164
1.068115234375
0.9789466857910156
0.78582763671875
0.9627342224121094
1.8761157989501953
1.2099742889404297
1.074075698852539
2.674102783203125
5.499124526977539
1.730203628540039
1.8420219421386719
1.9550323486328125
2.2199153900146484
2.424955368041992
1.5630722045898438
0.2880096435546875
1.9049644470214844
1.889944076538086
1.4247894287109375
1.3248920440673828
1.4560222625732422
0.26607513427734375
1.8150806427001953
1.3413429260253906
1.4789104461669922
1.2941360473632812
1.0082721710205078
0.7340908050537109
2.2020339965820312
2.0227432250976562
2.094745635986328
2.0558834075927734
1.2362003326416016
0.32591819763183594
4.03594970703125
0.36597251892089844
1.306295394897461
1.6179084777832031
0.8189678192138672
1.5430450439453125
0.4191398620605469
1.622915267944336
1.9290447235107422
1.7919540405273438
1.4052391052246094
1.5091896057128906
0.3046989440917969
1.3990402221679688
2.1619796752929688
1.338958740234375
2.2079944610595703
0.35190582275390625
1.3949871063232422
0.6318092346191406
5.023956298828125
2.452850341796875
2.8600692749023438
1.0759830474853516
0.3180503845214844
1.3909339904785156
1.577138900756836
0.9529590606689453
0.6258487701416016
4.851102828979492
0.3108978271484375
1.4920234680175781
1.3561248779296875
1.4238357543945312
1.3799667358398438
0.9009838104248047
0.5519390106201172
0.43582916259765625
2.343893051147461
0.43702125549316406
3.284931182861328
1.621246337890625
1.4698505401611328
0.35572052001953125
1.8160343170166016
1.4579296112060547
1.5003681182861328
1.3840198516845703
0.47779083251953125
2.964019775390625
0.2899169921875
1.2650489807128906
1.756906509399414
1.2247562408447266
0.9839534759521484
0.3142356872558594
1.2469291687011719
1.2500286102294922
1.3232231140136719
1.4591217041015625
0.3020763397216797
2.260923385620117
1.7199516296386719
0.5078315734863281
3.3690929412841797
0.6461143493652344
5.717992782592773
1.3861656188964844
0.3399848937988281
1.4488697052001953
1.4500617980957031
2.441883087158203
2.034902572631836
1.0900497436523438
0.4291534423828125
2.828836441040039
1.3659000396728516
1.8200874328613281
1.5790462493896484
2.8710365295410156
1.2018680572509766
0.5087852478027344
3.114938735961914
2.1550655364990234
1.898050308227539
1.4319419860839844
1.1467933654785156
1.8150806427001953
1.7349720001220703
0.5092620849609375
1.3797283172607422
0.6411075592041016
6.02412223815918
1.4929771423339844
0.5309581756591797
3.3071041107177734
0.4138946533203125
0.3943443298339844
2.7611255645751953
2.6099681854248047
1.3382434844970703
1.177072525024414
0.2989768981933594
1.461029052734375
1.8589496612548828
1.3840198516845703
1.7101764678955078
1.5070438385009766
1.1622905731201172
1.3189315795898438
1.5158653259277344
1.6021728515625
2.1839141845703125
1.7728805541992188
1.4798641204833984
1.8868446350097656
1.4102458953857422
3.2248497009277344
1.1930465698242188
1.628875732421875
1.7650127410888672
0.9849071502685547
1.2149810791015625
0.4677772521972656
2.8018951416015625
1.3267993927001953
1.3310909271240234
1.5518665313720703
2.489805221557617
0.47206878662109375
2.6907920837402344
2.0689964294433594
3.2167434692382812
2.044200897216797
1.3282299041748047
0.9768009185791016
1.97601318359375
0.3058910369873047
0.9410381317138672
1.5881061553955078
1.5170574188232422
0.3693103790283203
2.5107860565185547
1.8308162689208984
0.7412433624267578
16.305923461914062
1.3530254364013672
1.603841781616211
1.21307373046875
1.36566162109375
0.5800724029541016
3.529071807861328
0.4131793975830078
2.8591156005859375
1.8889904022216797
0.41794776916503906
7.329225540161133
0.9317398071289062
3.444194793701172
3.4821033477783203
0.6229877471923828
2.110004425048828
2.6102066040039062
1.0750293731689453
0.8289813995361328
2.2478103637695312
1.4958381652832031
0.2722740173339844
1.5990734100341797
1.3859272003173828
0.3330707550048828
1.7290115356445312
1.531839370727539
7.189035415649414
1.5330314636230469
2.6280879974365234
0.36787986755371094
4.291057586669922
1.3909339904785156
0.4410743713378906
0.3600120544433594
0.5819797515869141
0.5428791046142578
2.766132354736328
5.208730697631836
1.3089179992675781
2.5451183319091797
3.751993179321289
0.5359649658203125
1.2249946594238281
0.8530616760253906
2.2461414337158203
0.6120204925537109
0.8800029754638672
0.1800060272216797
0.9760856628417969
1.7919540405273438
2.8629302978515625
0.5991458892822266
2.907991409301758
1.2938976287841797
1.2111663818359375
1.0700225830078125
5.528926849365234
2.287149429321289
1.2149810791015625
0.6573200225830078
4.534006118774414
1.5769004821777344
2.0928382873535156
2.0530223846435547
0.9329319000244141
0.5538463592529297
1.756906509399414
1.7850399017333984
1.9681453704833984
2.438068389892578
1.6050338745117188
1.8010139465332031
0.5829334259033203
1.9481182098388672
1.4729499816894531
3.531932830810547
1.2607574462890625
2.1817684173583984
3.6211013793945312
1.2669563293457031
1.2938976287841797
2.749919891357422
1.4030933380126953
0.4200935363769531
2.4878978729248047
6.01506233215332
1.2311935424804688
1.6629695892333984
1.2502670288085938
1.4700889587402344
1.4390945434570312
0.8819103240966797
5.122900009155273
1.1341571807861328
7.06791877746582
3.2570362091064453
1.898050308227539
2.500772476196289
4.085063934326172
4.330158233642578
2.328157424926758
3.4728050231933594
3.030061721801758
2.596139907836914
1.7538070678710938
2.2280216217041016
1.615762710571289
3.3521652221679688
1.421213150024414
0.47898292541503906
2.9649734497070312
3.018617630004883
1.5358924865722656
1.1260509490966797
1.4789104461669922
1.806020736694336
0.32591819763183594
2.753019332885742
1.2030601501464844
5.633115768432617
1.992940902709961
2.635955810546875
2.2461414337158203
1.9130706787109375
4.814863204956055
2.652883529663086
0.7469654083251953
1.4688968658447266
0.6971359252929688
2.5200843811035156
3.899097442626953
3.0982494354248047
2.216815948486328
3.015279769897461
3.4990310668945312
3.1299591064453125
1.0700225830078125
1.9977092742919922
1.6450881958007812
0.5500316619873047
2.7899742126464844
4.398107528686523
2.0737648010253906
3.773927688598633
1.0981559753417969
1.8072128295898438
1.9810199737548828
0.46181678771972656
1.8451213836669922
0.95367431640625
5.146980285644531
1.5909671783447266
0.8401870727539062
7.695198059082031
0.4379749298095703
1.8723011016845703
4.550933837890625
2.9790401458740234
0.36907196044921875
2.0720958709716797
5.6819915771484375
1.3039112091064453
1.814126968383789
3.086090087890625
3.2958984375
2.6540756225585938
0.7801055908203125
0.3871917724609375
1.8422603607177734
3.6401748657226562
1.8351078033447266
2.023935317993164
1.7237663269042969
1.619100570678711
0.5900859832763672
4.194736480712891
0.5459785461425781
2.218961715698242
1.580953598022461
9.303092956542969
6.761074066162109
2.501964569091797
1.9328594207763672
1.6150474548339844
2.3109912872314453
2.5739669799804688
1.909017562866211
1.5788078308105469
3.6630630493164062
2.398967742919922
1.5330314636230469
2.3360252380371094
2.1300315856933594
1.2199878692626953
0.5979537963867188
0.4839897155761719
1.3248920440673828
1.688241958618164
0.35500526428222656
2.2897720336914062
1.9469261169433594
0.3540515899658203
0.3190040588378906
2.226114273071289
1.676797866821289
1.3418197631835938
1.2421607971191406
1.0030269622802734
3.831148147583008
2.000093460083008
1.6777515411376953
0.3521442413330078
0.5068778991699219
5.326032638549805
5.809783935546875
3.8208961486816406
2.6061534881591797
0.4010200500488281
2.4280548095703125
1.8100738525390625
0.4611015319824219
2.277851104736328
2.69317626953125
1.8928050994873047
1.4679431915283203
1.5039443969726562
4.604816436767578
0.5140304565429688
4.28009033203125
1.8260478973388672
1.8610954284667969
1.9888877868652344
1.0309219360351562
1.004934310913086
0.4649162292480469
2.602815628051758
1.146078109741211
0.5748271942138672
4.658222198486328
1.2929439544677734
1.363992691040039
0.15807151794433594
0.9658336639404297
0.9899139404296875
0.5183219909667969
0.6189346313476562
1.0921955108642578
3.132343292236328
6.693840026855469
2.6209354400634766
2.2017955780029297
3.019094467163086
3.3957958221435547
2.8228759765625
4.966974258422852
2.0961761474609375
0.39505958557128906
1.3580322265625
0.6489753723144531
3.9763450622558594
5.863189697265625
3.0808448791503906
1.0669231414794922
1.99127197265625
3.86810302734375
1.2960433959960938
1.5680789947509766
1.31988525390625
4.664182662963867
2.1567344665527344
8.74185562133789
1.3659000396728516
1.2290477752685547
3.367900848388672
1.5420913696289062
2.244710922241211
2.447843551635742
1.5549659729003906
1.2202262878417969
0.9160041809082031
2.1283626556396484
1.4870166778564453
2.458810806274414
1.6481876373291016
1.528024673461914
0.5939006805419922
4.460811614990234
4.131078720092773
1.7399787902832031
4.258155822753906
1.7452239990234375
2.6051998138427734
1.062154769897461
2.4938583374023438
9.492158889770508
1.3742446899414062
1.0466575622558594
0.453948974609375
3.064870834350586
2.5060176849365234
2.235889434814453
1.1870861053466797
1.5518665313720703
1.664876937866211
0.6439685821533203
0.5712509155273438
1.7080307006835938
3.0798912048339844
1.5108585357666016
3.935098648071289
1.3289451599121094
1.8551349639892578
1.9557476043701172
0.8633136749267578
0.2989768981933594
2.3529529571533203
4.94384765625
1.032114028930664
1.4140605926513672
1.3570785522460938
1.5950202941894531
0.7359981536865234
0.5350112915039062
4.9877166748046875
2.3758411407470703
3.4999847412109375
3.1807422637939453
2.743959426879883
1.4431476593017578
1.3360977172851562
1.300811767578125
1.322031021118164
2.480030059814453
1.3241767883300781
1.0280609130859375
5.338191986083984
1.4307498931884766
0.5199909210205078
3.140687942504883
1.111745834350586
1.4777183532714844
1.4452934265136719
0.7510185241699219
2.0401477813720703
2.2962093353271484
1.055002212524414
1.3120174407958984
0.7059574127197266
0.5409717559814453
2.3539066314697266
4.03594970703125
0.3771781921386719
4.81104850769043
0.6010532379150391
9.066104888916016
0.5979537963867188
4.142999649047852
0.1289844512939453
0.743865966796875
0.6501674652099609
1.817941665649414
2.244234085083008
1.4772415161132812
1.2710094451904297
1.065969467163086
0.23889541625976562
1.1830329895019531
1.3129711151123047
1.1210441589355469
1.6279220581054688
1.1131763458251953
1.2288093566894531
1.3148784637451172
1.3091564178466797
2.4061203002929688
1.7132759094238281
0.6511211395263672
0.4839897155761719
2.061128616333008
2.2482872009277344
2.0029544830322266
2.007007598876953
1.2500286102294922
1.255035400390625
0.36597251892089844
1.995086669921875
0.8480548858642578
0.9541511535644531
1.5480518341064453
1.1222362518310547
1.039266586303711
0.7719993591308594
1.1310577392578125
0.8559226989746094
2.3162364959716797
1.505136489868164
2.315044403076172
1.5261173248291016
1.7058849334716797
1.6047954559326172
0.5939006805419922
3.9179325103759766
1.0900497436523438
0.8571147918701172
0.3230571746826172
7.730007171630859
0.6768703460693359
0.5090236663818359
1.1990070343017578
2.071857452392578
1.1050701141357422
0.6608963012695312
0.9858608245849609
0.8800029754638672
3.8650035858154297
2.0220279693603516
1.558065414428711
1.7211437225341797
0.6461143493652344
0.9331703186035156
0.7469654083251953
0.7410049438476562
2.1638870239257812
0.186920166015625
1.4960765838623047
0.9169578552246094
0.827789306640625
1.1889934539794922
1.3723373413085938
0.9658336639404297
0.6878376007080078
0.8521080017089844
0.7128715515136719
0.4050731658935547
0.30517578125
0.8289813995361328
0.6949901580810547
1.1188983917236328
1.0402202606201172
0.3478527069091797
3.9598941802978516
0.6451606750488281
0.45418739318847656
1.096963882446289
1.0991096496582031
0.926971435546875
0.7112026214599609
1.4748573303222656
1.0411739349365234
0.6909370422363281
0.6508827209472656
0.946044921875
0.9708404541015625
0.9462833404541016
0.8540153503417969
0.9341239929199219
0.48995018005371094
2.2928714752197266
0.5540847778320312
0.9779930114746094
0.7221698760986328
0.11396408081054688
0.7121562957763672
0.4868507385253906
7.131099700927734
1.6679763793945312
0.8020401000976562
0.8580684661865234
0.659942626953125
1.0051727294921875
1.1150836944580078
0.5090236663818359
0.5471706390380859
0.8299350738525391
0.9071826934814453
0.9832382202148438
1.2979507446289062
0.32520294189453125
2.521038055419922
0.5459785461425781
0.7338523864746094
1.8270015716552734
2.009868621826172
1.0519027709960938
0.41294097900390625
3.5452842712402344
1.0139942169189453
0.8819103240966797
0.5609989166259766
0.4761219024658203
1.035928726196289
0.7569789886474609
1.8801689147949219
1.7311573028564453
1.6620159149169922
0.84686279296875
1.2061595916748047
0.5049705505371094
6.69097900390625
1.9371509552001953
0.3829002380371094
0.4050731658935547
2.1600723266601562
1.2569427490234375
0.7760524749755859
0.7586479187011719
1.0004043579101562
0.20194053649902344
1.6448497772216797
1.1279582977294922
0.95367431640625
1.1622905731201172
1.3523101806640625
1.9588470458984375
1.3136863708496094
1.1830329895019531
0.6058216094970703
0.8571147918701172
0.5998611450195312
0.5979537963867188
0.9081363677978516
0.7009506225585938
1.1322498321533203
1.3570785522460938
1.7032623291015625
1.2049674987792969
1.4162063598632812
1.184701919555664
2.8388500213623047
1.317739486694336
2.521038055419922
1.6548633575439453
0.8227825164794922
1.7290115356445312
1.2111663818359375
0.8728504180908203
3.4148693084716797
1.9199848175048828
0.5660057067871094
3.172159194946289
1.7740726470947266
1.4011859893798828
1.8329620361328125
1.661062240600586
0.31113624572753906
0.34999847412109375
0.8518695831298828
0.6537437438964844
0.6341934204101562
1.7478466033935547
0.7648468017578125
0.6320476531982422
0.7970333099365234
0.576019287109375
1.5451908111572266
1.3570785522460938
0.3807544708251953
2.6540756225585938
0.3337860107421875
2.590179443359375
0.9000301361083984
0.6110668182373047
0.8821487426757812
0.8590221405029297
0.9150505065917969
0.45108795166015625
0.4019737243652344
0.453948974609375
0.9620189666748047
1.219034194946289
0.6740093231201172
0.4317760467529297
0.3159046173095703
0.5340576171875
0.40602684020996094
1.4159679412841797
1.4142990112304688
1.5349388122558594
4.305839538574219
0.7610321044921875
2.0411014556884766
2.490997314453125
1.1250972747802734
0.4489421844482422
2.38800048828125
0.36716461181640625
1.6109943389892578
0.8661746978759766
1.026153564453125
1.9299983978271484
1.3167858123779297
1.6827583312988281
1.2192726135253906
1.0519027709960938
1.1920928955078125
1.4712810516357422
1.0409355163574219
0.5269050598144531
0.6258487701416016
0.5979537963867188
1.0409355163574219
2.295255661010742
2.397298812866211
1.399993896484375
1.0101795196533203
1.0030269622802734
0.6389617919921875
0.7588863372802734
0.9038448333740234
1.1608600616455078
4.541873931884766
1.1191368103027344
1.2309551239013672
1.3852119445800781
1.2500286102294922
1.386880874633789
1.1749267578125
1.428842544555664
0.8339881896972656
0.5466938018798828
0.48279762268066406
2.8951168060302734
1.5881061553955078
0.19788742065429688
1.4379024505615234
0.5252361297607422
0.39696693420410156
1.010894775390625
0.6787776947021484
1.9240379333496094
0.3421306610107422
0.2930164337158203
0.6749629974365234
0.6406307220458984
5.2890777587890625
2.747058868408203
0.6649494171142578
2.505064010620117
0.9222030639648438
0.7050037384033203
0.6999969482421875
0.9458065032958984
0.6480216979980469
0.8001327514648438
0.7638931274414062
2.1190643310546875
6.332874298095703
0.20313262939453125
1.1861324310302734
0.2968311309814453
1.6639232635498047
0.34809112548828125
0.492095947265625
0.4630088806152344
1.4672279357910156
0.6639957427978516
3.2629966735839844
0.9541511535644531
2.009868621826172
1.8131732940673828
0.5750656127929688
1.3687610626220703
2.1572113037109375
0.5688667297363281
0.5769729614257812
0.7507801055908203
0.6000995635986328
0.8611679077148438
0.7240772247314453
1.4579296112060547
1.0609626770019531
0.7331371307373047
1.280069351196289
0.9219646453857422
1.1219978332519531
1.7809867858886719
0.2961158752441406
0.28324127197265625
0.3871917724609375
0.9801387786865234
0.12087821960449219
0.5538463592529297
0.1590251922607422
1.0330677032470703
1.0190010070800781
0.7197856903076172
1.1839866638183594
0.8921623229980469
1.3010501861572266
1.0302066802978516
1.1670589447021484
1.5919208526611328
0.7200241088867188
0.7951259613037109
0.26917457580566406
1.191854476928711
2.240896224975586
0.9570121765136719
0.13113021850585938
0.5667209625244141
2.7010440826416016
0.49996376037597656
4.277944564819336
0.5540847778320312
5.053043365478516
2.099275588989258
0.7700920104980469
0.3142356872558594
0.6620883941650391
0.5140304565429688
1.4939308166503906
2.929210662841797
1.2710094451904297
3.892183303833008
0.4191398620605469
2.18963623046875
0.4112720489501953
3.2358169555664062
1.6520023345947266
1.9087791442871094
3.4139156341552734
0.8451938629150391
0.8318424224853516
0.6327629089355469
1.0752677917480469
3.2241344451904297
6.640195846557617
1.8932819366455078
2.145051956176758
1.2888908386230469
1.3880729675292969
1.5931129455566406
1.4410018920898438
0.8749961853027344
0.5950927734375
0.6132125854492188
0.6139278411865234
3.0138492584228516
0.5869865417480469
0.7419586181640625
0.3807544708251953
0.39696693420410156
1.7080307006835938
1.241922378540039
0.8871555328369141
0.7538795471191406
1.584768295288086
0.7433891296386719
0.7617473602294922
0.5979537963867188
0.31280517578125
0.965118408203125
6.345033645629883
0.8080005645751953
0.4410743713378906
1.0781288146972656
0.7479190826416016
0.408172607421875
0.3120899200439453
0.7550716400146484
0.26702880859375
0.2942085266113281
0.3032684326171875
0.28204917907714844
1.6281604766845703
0.8819103240966797
0.8072853088378906
0.8981227874755859
0.4470348358154297
0.32806396484375
0.30422210693359375
0.7879734039306641
1.7418861389160156
1.294851303100586
0.8671283721923828
0.47087669372558594
0.19598007202148438
1.661062240600586
0.3600120544433594
0.46896934509277344
0.3299713134765625
0.2989768981933594
0.7460117340087891
0.30517578125
0.5631446838378906
0.8499622344970703
0.6129741668701172
1.219034194946289
1.0950565338134766
0.9140968322753906
0.8120536804199219
1.1370182037353516
0.6802082061767578
0.5962848663330078
0.18095970153808594
1.5358924865722656
1.1899471282958984
0.8261203765869141
0.5660057067871094
0.7910728454589844
0.9088516235351562
0.7822513580322266
0.25725364685058594
0.44989585876464844
0.23484230041503906
1.3079643249511719
1.5921592712402344
1.6100406646728516
0.49591064453125
1.226663589477539
0.8809566497802734
0.8029937744140625
0.6871223449707031
0.9729862213134766
0.2810955047607422
0.3440380096435547
2.2890567779541016
0.9000301361083984
0.8029937744140625
0.3609657287597656
0.6530284881591797
0.3979206085205078
0.3108978271484375
0.6079673767089844
0.6260871887207031
0.2570152282714844
0.5829334259033203
1.024007797241211
0.7240772247314453
0.7827281951904297
0.8308887481689453
0.9241104125976562
3.5161972045898438
0.2617835998535156
0.8103847503662109
0.9746551513671875
0.5810260772705078
0.8149147033691406
0.7939338684082031
0.6568431854248047
0.26297569274902344
0.4570484161376953
0.5130767822265625
1.1811256408691406
0.9567737579345703
0.6096363067626953
0.39505958557128906
0.2720355987548828
0.8001327514648438
0.4439353942871094
0.28395652770996094
0.45990943908691406
0.5879402160644531
0.7431507110595703
0.8177757263183594
1.5511512756347656
0.4057884216308594
0.42700767517089844
0.28204917907714844
0.6480216979980469
0.7169246673583984
0.2982616424560547
0.2911090850830078
0.43201446533203125
0.2758502960205078
0.28586387634277344
0.37097930908203125
0.28204917907714844
0.46896934509277344
0.6787776947021484
0.2970695495605469
0.6229877471923828
0.11873245239257812
0.8251667022705078
0.23221969604492188
1.8329620361328125
0.3199577331542969
1.7311573028564453
1.1730194091796875
0.7660388946533203
0.35691261291503906
0.308990478515625
0.27489662170410156
0.2620220184326172
0.49686431884765625
0.3001689910888672
0.6048679351806641
0.22792816162109375
0.23698806762695312
0.3268718719482422
0.614166259765625
0.8490085601806641
0.6330013275146484
0.8819103240966797
2.492189407348633
0.5841255187988281
0.9746551513671875
0.43702125549316406
0.7700920104980469
2.6798248291015625
0.5950927734375
0.8261203765869141
0.8141994476318359
0.5702972412109375
0.8559226989746094
0.804901123046875
0.7638931274414062
0.40221214294433594
5.995988845825195
4.06193733215332
0.8330345153808594
0.247955322265625
0.2627372741699219
0.8866786956787109
0.6320476531982422
2.1979808807373047
1.402139663696289
0.5183219909667969
2.362966537475586
1.4390945434570312
0.7538795471191406
0.7791519165039062
9.020090103149414
0.3750324249267578
0.9410381317138672
0.8447170257568359
2.1839141845703125
1.631021499633789
2.897024154663086
0.9469985961914062
0.6580352783203125
1.3267993927001953
0.7607936859130859
0.8320808410644531
0.22101402282714844
1.2140274047851562
0.48279762268066406
0.2779960632324219
0.2810955047607422
0.4830360412597656
1.112222671508789
0.7791519165039062
1.5261173248291016
0.7331371307373047
0.7817745208740234
0.3681182861328125
0.27298927307128906
0.4870891571044922
1.2331008911132812
1.361846923828125
0.3840923309326172
0.2770423889160156
0.3762245178222656
0.3299713134765625
0.30684471130371094
0.26798248291015625
0.6568431854248047
0.3159046173095703
0.2560615539550781
0.7920265197753906
0.7100105285644531
0.26607513427734375
1.4259815216064453
0.7476806640625
0.8640289306640625
1.1379718780517578
0.6630420684814453
